Количество узлов: 11
Количество промежутков: 10
Шаг h = 0.100000
Константа C = 2.2562152437

+-----+-----+-------------------+------------+------------------------+------------+------------------------+
|   i |   x |   Точное значение |   Прогонка |   Погрешность прогонки |   Стрельба |   Погрешность стрельбы |
+=====+=====+===================+============+========================+============+========================+
|   0 | 0   |           6       |    6       |            0           |    6       |            0           |
+-----+-----+-------------------+------------+------------------------+------------+------------------------+
|   1 | 0.1 |           6.22585 |    6.22562 |            0.000233066 |    6.22562 |            0.000233066 |
+-----+-----+-------------------+------------+------------------------+------------+------------------------+
|   2 | 0.2 |           6.50701 |    6.50657 |            0.000442161 |    6.50657 |            0.000442161 |
+-----+-----+-------------------+------------+------------------------+------------+------------------------+
|   3 | 0.3 |           6.84929 |    6.84867 |            0.000619659 |    6.84867 |            0.000619659 |
+-----+-----+-------------------+------------+------------------------+------------+------------------------+
|   4 | 0.4 |           7.25912 |    7.25837 |            0.000756598 |    7.25837 |            0.000756598 |
+-----+-----+-------------------+------------+------------------------+------------+------------------------+
|   5 | 0.5 |           7.74361 |    7.74276 |            0.000842477 |    7.74276 |            0.000842477 |
+-----+-----+-------------------+------------+------------------------+------------+------------------------+
|   6 | 0.6 |           8.31059 |    8.30973 |            0.000865035 |    8.30973 |            0.000865035 |
+-----+-----+-------------------+------------+------------------------+------------+------------------------+
|   7 | 0.7 |           8.96876 |    8.96795 |            0.000809996 |    8.96795 |            0.000809996 |
+-----+-----+-------------------+------------+------------------------+------------+------------------------+
|   8 | 0.8 |           9.7277  |    9.72704 |            0.000660783 |    9.72704 |            0.000660783 |
+-----+-----+-------------------+------------+------------------------+------------+------------------------+
|   9 | 0.9 |          10.598   |   10.5976  |            0.000398187 |   10.5976  |            0.000398187 |
+-----+-----+-------------------+------------+------------------------+------------+------------------------+
|  10 | 1   |          11.5914  |   11.5914  |            0           |   11.5914  |            0           |
+-----+-----+-------------------+------------+------------------------+------------+------------------------+